latitude,longitude,shock
51.1092183,17.0515816,0
51.1092066,17.0514950,2703
51.1091583,17.0512733,4484
51.1090500,17.0510600,0
51.1089400,17.0508433,0
51.1088150,17.0506600,1180
51.1087016,17.0504833,0
51.1085700,17.0503949,0
51.1084516,17.0502666,6575
51.1083950,17.0500483,6819
51.1083383,17.0497566,2730
51.1082316,17.0494066,5683
51.1080650,17.0491883,3703
51.1079050,17.0490383,2371
51.1077600,17.0488383,3793
51.1076066,17.0486366,6019
51.1074766,17.0484000,0
51.1074150,17.0474216,0
51.1074200,17.0472433,1046
51.1074666,17.0469316,4389
51.1075200,17.0467283,0
51.1075300,17.0465083,0
51.1074983,17.0462766,0
51.1074500,17.0460400,0
51.1074083,17.0458016,0
51.1073516,17.0455683,5105
51.1072933,17.0453233,0
51.1072316,17.0450783,2165
51.1071583,17.0448716,0
51.1071016,17.0446750,0
51.1070483,17.0444883,950
51.1070150,17.0443366,3066
51.1069950,17.0442266,0
51.1069700,17.0441950,0
51.1069633,17.0441916,0
51.1069600,17.0441916,0
51.1069550,17.0441883,937
51.1069450,17.0441766,0
51.1069550,17.0440583,2192
51.1069400,17.0438633,5735
51.1069533,17.0436850,1780
51.1069983,17.0434933,3288
51.1070433,17.0432866,381
51.1070600,17.0431233,0
51.1070633,17.0429550,0
51.1070850,17.0427616,0
51.1071116,17.0425900,0
51.1071366,17.0424550,1459
51.1071666,17.0423350,0
51.1071683,17.0422733,0
51.1071716,17.0422566,0
51.1071700,17.0422383,0
51.1071816,17.0419700,0
51.1071950,17.0418266,0
51.1072050,17.0417333,0
51.1072200,17.0416716,0
51.1072250,17.0415933,0
51.1072450,17.0413750,0
51.1072433,17.0411566,0
51.1071600,17.0409766,2611
51.1070550,17.0408666,0
51.1069250,17.0407633,0
51.1067833,17.0406633,2154
51.1065883,17.0405649,0
51.1064033,17.0404583,0
51.1062300,17.0403533,0
51.1060833,17.0401700,253
51.1059483,17.0399566,0
51.1058050,17.0397983,1654
51.1056416,17.0397350,976
51.1055066,17.0396233,992
51.1054066,17.0393883,4786
51.1053233,17.0391283,1033
51.1052433,17.0387933,0
51.1052200,17.0383583,0
51.1052200,17.0383583,2085
51.1052033,17.0383050,0
51.1051900,17.0382850,0
51.1051883,17.0382850,0
51.1051883,17.0382850,0
51.1051883,17.0382850,0
51.1051866,17.0382850,0
51.1051866,17.0382816,0
51.1051866,17.0382800,0
51.1051866,17.0382783,0
51.1051866,17.0382749,0
51.1051883,17.0382599,0
51.1051866,17.0382516,0
51.1051866,17.0382466,0
51.1051883,17.0382483,0
51.1051900,17.0382550,0
51.1051900,17.0382550,0
51.1051900,17.0382550,0
51.1051900,17.0382550,0
51.1051900,17.0382550,0
51.1051900,17.0382550,0
51.1051900,17.0382550,0
51.1051900,17.0382550,0
51.1051900,17.0382550,0
51.1051900,17.0382550,0
51.1051900,17.0382533,0
51.1051833,17.0381216,5955
51.1050966,17.0379383,2060
51.1050416,17.0377233,0
51.1050800,17.0374216,0
51.1051450,17.0371950,0
51.1051983,17.0367783,4548
51.1052350,17.0364383,2615
51.1052683,17.0361250,0
51.1052933,17.0358100,4485
51.1053083,17.0354999,1930
51.1053283,17.0351966,1871
51.1053466,17.0348933,1121
51.1053816,17.0345966,2066
51.1054016,17.0342966,2038
51.1054266,17.0340016,2040
51.1054433,17.0337200,9706
51.1054833,17.0334550,4929
51.1054800,17.0331883,1360
51.1055016,17.0329633,1602
51.1055533,17.0327283,7033
51.1056116,17.0324816,0
51.1056533,17.0322483,0
51.1056883,17.0320016,2763
51.1057283,17.0317700,6234
51.1057483,17.0315850,0
51.1057883,17.0314333,1026
51.1058300,17.0312350,4775
51.1059283,17.0309683,0
51.1060183,17.0306666,0
51.1060950,17.0303816,7700
51.1061900,17.0301316,3188
51.1062966,17.0298283,1229
51.1063966,17.0295200,3334
51.1064700,17.0292350,5015
51.1064583,17.0289300,1089
51.1063733,17.0286466,3397
51.1062950,17.0283816,0
51.1061883,17.0281666,4415
51.1060766,17.0279883,0
51.1059850,17.0278333,5549
51.1059349,17.0276416,997
51.1060133,17.0274633,0
51.1061250,17.0272933,1069
51.1062100,17.0270966,0
51.1063150,17.0268883,0
51.1064300,17.0266833,2339
51.1065366,17.0264916,0
51.1066516,17.0262666,0
51.1068000,17.0260183,0
51.1068916,17.0257750,0
51.1069550,17.0256566,0
51.1069816,17.0256083,0
51.1069900,17.0255833,0
51.1070316,17.0254800,0
51.1070783,17.0253200,3147
51.1071549,17.0251783,5145
51.1072450,17.0250533,1138
51.1073200,17.0248883,0
51.1073966,17.0246983,0
51.1074616,17.0245266,0
51.1075566,17.0242916,0
51.1076216,17.0241233,1166
51.1076916,17.0239533,0
51.1077833,17.0237483,0
51.1078716,17.0235349,0
51.1079566,17.0233150,1396
51.1080366,17.0231283,4856
51.1080683,17.0229350,1663
51.1080816,17.0226500,4253
51.1080350,17.0224200,5859
51.1080016,17.0221549,0
51.1080116,17.0219900,0
51.1080100,17.0219300,0
51.1080033,17.0218716,7294
51.1080133,17.0217316,4277
51.1080683,17.0215166,1163
51.1081216,17.0212600,0
51.1082100,17.0210083,0
51.1082933,17.0207666,1087
51.1083883,17.0205099,0
51.1084833,17.0202616,0
51.1085783,17.0200766,0
51.1086783,17.0199016,0
51.1087583,17.0198016,0
51.1087733,17.0197283,0
51.1087616,17.0195916,0
51.1087633,17.0193766,0
51.1087633,17.0191266,0
51.1087983,17.0188266,0
51.1088466,17.0184949,0
51.1088950,17.0181750,3330
51.1089533,17.0178833,0
51.1090150,17.0176033,0
51.1090600,17.0173350,5130
51.1091083,17.0170483,501
51.1091616,17.0167433,0
51.1092216,17.0164266,0
51.1092783,17.0161133,0
51.1093333,17.0157900,0
51.1093833,17.0154333,0
51.1094433,17.0150966,0
51.1095050,17.0147533,0
51.1095800,17.0144016,0
51.1096416,17.0140766,0
51.1096950,17.0137466,0
51.1097516,17.0134200,953
51.1098100,17.0130866,0
51.1098616,17.0127450,1950
51.1099216,17.0124183,916
51.1099916,17.0120866,0
51.1100550,17.0117433,0
51.1101033,17.0114050,0
51.1101516,17.0110616,0
51.1102333,17.0106216,0
51.1102816,17.0103083,0
51.1103283,17.0099916,0
51.1103800,17.0096800,0
51.1104400,17.0093716,0
51.1104983,17.0090583,1020
51.1105466,17.0087416,0
51.1106100,17.0084200,0
51.1106716,17.0080966,0
51.1107333,17.0077733,0
51.1107966,17.0074383,0
51.1108516,17.0071100,0
51.1109233,17.0068083,938
51.1109766,17.0065333,0
51.1110283,17.0062699,0
51.1110716,17.0060333,0
51.1111100,17.0057883,2286
51.1111683,17.0054966,2290
51.1112233,17.0052083,0
51.1112666,17.0049183,0
51.1113050,17.0046266,0
51.1113633,17.0043333,0
51.1114283,17.0040683,0
51.1114816,17.0038000,933
51.1115316,17.0035416,928
51.1115750,17.0033083,0
51.1116166,17.0031583,2752
51.1116983,17.0032200,0
51.1118016,17.0032883,3083
51.1118883,17.0033616,944
51.1119683,17.0034300,0
51.1120466,17.0034850,2661
51.1121650,17.0035000,1524
51.1122766,17.0035600,0
51.1123616,17.0035950,0
51.1124400,17.0036383,1497
51.1125016,17.0035116,1973
51.1125250,17.0033416,1084
51.1125550,17.0031583,1370
51.1125900,17.0029933,1496
51.1125916,17.0028466,0
51.1125350,17.0027099,0
51.1125250,17.0026850,0
51.1125300,17.0026783,0
51.1125166,17.0026750,0
51.1124966,17.0026700,0
51.1124916,17.0026666,0
51.1124650,17.0026716,0
51.1124816,17.0026733,0
51.1125116,17.0026716,0
51.1125466,17.0026966,0
51.1125433,17.0027350,0
51.1125150,17.0028050,0
51.1124000,17.0028400,292
51.1123716,17.0028250,0
51.1123500,17.0027983,0
51.1123400,17.0027883,0
51.1123200,17.0027750,0
51.1123166,17.0027633,0
51.1103916,17.0935183,0
51.1103916,17.0935183,0
51.1103933,17.0935166,0
51.1103933,17.0935066,0
51.1104050,17.0935116,932
51.1104366,17.0934966,2286
51.1104883,17.0934816,2514
51.1105400,17.0934416,2715
51.1106083,17.0933316,7794
51.1107000,17.0932299,1117
51.1107866,17.0931366,3854
51.1108900,17.0930266,1149
51.1109966,17.0928850,1451
51.1111233,17.0926916,4269
51.1112566,17.0925199,934
51.1113900,17.0923300,10208
51.1115266,17.0921866,3461
51.1116666,17.0920083,5407
51.1117966,17.0918600,2840
51.1119000,17.0917400,6363
51.1119683,17.0916116,2099
51.1120366,17.0915133,0
51.1121133,17.0914183,4925
51.1121966,17.0913200,0
51.1122966,17.0912016,4579
51.1123933,17.0910916,6546
51.1124816,17.0909750,5172
51.1125800,17.0908400,3179
51.1126883,17.0906916,4702
51.1128066,17.0905450,5040
51.1129133,17.0904000,5378
51.1130233,17.0902416,972
51.1131416,17.0900966,3220
51.1132283,17.0899650,997
51.1132316,17.0897716,0
51.1132083,17.0894900,1274
51.1131716,17.0892066,916
51.1131450,17.0889266,0
51.1131116,17.0886416,0
51.1130716,17.0883216,1093
51.1130000,17.0879033,0
51.1129416,17.0875950,950
51.1128800,17.0873000,0
51.1128166,17.0870266,0
51.1127483,17.0867666,1165
51.1126950,17.0864849,0
51.1126466,17.0862083,0
51.1125966,17.0859766,0
51.1125433,17.0857766,0
51.1125083,17.0856566,0
51.1125166,17.0856250,2032
51.1125383,17.0855816,1143
51.1125866,17.0854783,5404
51.1126783,17.0854166,1102
51.1128083,17.0854250,0
51.1129716,17.0854366,0
51.1131250,17.0854766,2834
51.1132766,17.0855016,3863
51.1134433,17.0854933,1166
51.1136083,17.0854633,1160
51.1137433,17.0853633,0
51.1138550,17.0852183,0
51.1139683,17.0850483,3867
51.1140733,17.0848633,1095
51.1141616,17.0846683,0
51.1142300,17.0844533,944
51.1142900,17.0842066,7095
51.1143416,17.0839533,2304
51.1143433,17.0836816,3039
51.1143033,17.0834316,0
51.1141800,17.0831983,966
51.1140433,17.0829650,2461
51.1139066,17.0827183,961
51.1138066,17.0824550,2111
51.1137416,17.0821583,4384
51.1137133,17.0819066,1566
51.1137150,17.0816300,2167
51.1137233,17.0813583,2960
51.1137416,17.0810900,3466
51.1137666,17.0808450,2198
51.1138016,17.0805750,1161
51.1138483,17.0802450,969
51.1139033,17.0799366,2455
51.1139766,17.0796100,0
51.1140300,17.0793250,4383
51.1140783,17.0790766,3361
51.1140883,17.0788883,5268
51.1141283,17.0786750,0
51.1141450,17.0784216,5686
51.1141650,17.0781733,3965
51.1141933,17.0779133,6668
51.1142183,17.0776483,0
51.1142333,17.0773950,2962
51.1142749,17.0771200,8211
51.1143166,17.0768750,3921
51.1143700,17.0766583,2688
51.1144916,17.0764333,2351
51.1146333,17.0763516,0
51.1148000,17.0763216,950
51.1149450,17.0762483,2157
51.1149816,17.0760350,2338
51.1150016,17.0757916,0
51.1150200,17.0755633,0
51.1150766,17.0752566,3221
51.1151166,17.0749416,0
51.1151683,17.0746716,0
51.1151783,17.0742599,5278
51.1150633,17.0740749,0
51.1149400,17.0739549,0
51.1148933,17.0738266,4975
51.1148816,17.0736566,0
51.1148600,17.0734633,1185
51.1148300,17.0732600,3943
51.1148116,17.0730366,2622
51.1148066,17.0728083,5656
51.1147966,17.0725650,2501
51.1147716,17.0723050,1021
51.1147483,17.0720416,0
51.1147300,17.0717733,944
51.1146866,17.0715416,1775
51.1145866,17.0713933,6105
51.1145300,17.0712466,2126
51.1144933,17.0710516,0
51.1144300,17.0708316,4278
51.1143449,17.0706100,0
51.1142783,17.0703433,0
51.1142083,17.0700700,0
51.1141216,17.0698233,0
51.1140516,17.0695533,0
51.1139783,17.0692700,0
51.1139016,17.0689800,0
51.1138250,17.0686883,0
51.1137233,17.0684133,0
51.1136533,17.0681166,2173
51.1136000,17.0678400,0
51.1135433,17.0675816,0
51.1134683,17.0673083,902
51.1133833,17.0670466,0
51.1133133,17.0667700,0
51.1132533,17.0664816,0
51.1131816,17.0661983,0
51.1130933,17.0659283,0
51.1130133,17.0656549,0
51.1129350,17.0653850,0
51.1128566,17.0651133,0
51.1127783,17.0648733,0
51.1126966,17.0646466,919
51.1126233,17.0644016,2362
51.1125450,17.0641516,2269
51.1124750,17.0639016,0
51.1123966,17.0636533,1784
51.1123066,17.0632866,1263
51.1122250,17.0630100,2250
51.1121616,17.0627216,6688
51.1120966,17.0624433,2481
51.1120450,17.0621766,4684
51.1120033,17.0619333,1031
51.1118966,17.0617583,1156
51.1117700,17.0616400,0
51.1116516,17.0615833,0
51.1116500,17.0615683,0
51.1116716,17.0615616,0
51.1116850,17.0615550,0
51.1116850,17.0615550,0
51.1116850,17.0615550,0
51.1116650,17.0614916,2264
51.1116016,17.0613483,3733
51.1115166,17.0611483,5037
51.1113916,17.0610166,4481
51.1112483,17.0608966,5407
51.1111350,17.0607366,6456
51.1110983,17.0605250,2903
51.1111033,17.0603150,4021
51.1111083,17.0601283,2431
51.1110800,17.0599100,3424
51.1110466,17.0596833,3865
51.1109633,17.0594916,4209
51.1108850,17.0593666,1120
51.1108816,17.0592083,5301
51.1108583,17.0590033,0
51.1108150,17.0587683,0
51.1107499,17.0585333,0
51.1107066,17.0582600,0
51.1106416,17.0580133,3714
51.1105900,17.0576916,938
51.1105066,17.0573816,964
51.1104216,17.0570733,931
51.1103333,17.0567633,0
51.1102650,17.0564600,998
51.1102083,17.0561750,5394
51.1101500,17.0559150,0
51.1101000,17.0556533,2744
51.1100566,17.0554216,0
51.1100350,17.0552450,0
51.1100750,17.0551216,0
51.1100916,17.0550166,0
51.1100933,17.0549616,0
51.1100900,17.0549266,0
51.1100650,17.0548400,919
51.1100300,17.0547350,0
51.1100233,17.0547033,0
51.1100133,17.0546950,0
51.1100116,17.0546950,0
51.1100100,17.0546916,0
51.1100083,17.0546916,0
51.1100050,17.0546900,0
51.1100000,17.0546866,0
51.1098933,17.0545800,964
51.1098683,17.0544433,916
51.1098349,17.0542650,0
51.1097916,17.0540733,0
51.1097366,17.0538716,0
51.1097383,17.0536916,0
51.1097066,17.0535533,9095
51.1096616,17.0533733,942
51.1096066,17.0531800,0
51.1095500,17.0529483,1701
51.1094916,17.0526983,0
51.1094416,17.0524333,0
51.1094016,17.0521650,1060
51.1093650,17.0519183,5023
51.1093050,17.0516833,4250
51.1092250,17.0514366,2263
51.1091350,17.0512049,4775
51.1090066,17.0509699,2251
51.1088650,17.0507566,0
51.1087350,17.0505533,1253
51.1085900,17.0503983,0
51.1084633,17.0502733,6634
51.1083850,17.0500250,3677
51.1082983,17.0497383,7398
51.1081900,17.0494083,3435
51.1080350,17.0491733,3332
51.1078566,17.0490116,773
51.1077283,17.0488433,6360
51.1076133,17.0486733,1337
51.1075016,17.0484583,0
51.1073733,17.0482216,2377
51.1072500,17.0479800,565
51.1073550,17.0476050,3409
51.1073666,17.0473366,6442
51.1073716,17.0471200,2345
51.1074083,17.0469150,7298
51.1074650,17.0467266,4793
51.1074916,17.0465466,1225
51.1074933,17.0463250,0
51.1074633,17.0460700,0
51.1074083,17.0458133,2207
51.1073516,17.0455550,490
51.1072916,17.0453216,0
51.1072266,17.0450866,923
51.1071666,17.0448566,0
51.1071200,17.0446649,0
51.1070750,17.0445816,0
51.1070633,17.0445583,0
51.1070650,17.0445566,0
51.1070650,17.0445600,0
51.1070683,17.0445583,0
51.1070733,17.0445683,0
51.1070733,17.0445683,0
51.1070700,17.0445633,0
51.1070666,17.0445616,0
51.1070633,17.0445616,0
51.1070600,17.0445566,0
51.1070583,17.0445483,0
51.1070550,17.0445416,0
51.1070533,17.0445383,0
51.1070550,17.0445449,0
51.1070533,17.0445366,0
51.1070516,17.0445150,0
51.1070516,17.0445066,0
51.1070600,17.0444666,2934
51.1071333,17.0443866,2790
51.1072500,17.0443099,3926
51.1073383,17.0442033,0
51.1073466,17.0441433,0
51.1073116,17.0440700,2171
51.1073183,17.0438983,0
51.1073516,17.0437266,0
51.1073716,17.0435416,0
51.1073350,17.0433766,4723
51.1072983,17.0431650,0
51.1073950,17.0428600,0
51.1074766,17.0426100,0
51.1075600,17.0422750,0
51.1076150,17.0419966,0
51.1077166,17.0417216,2139
51.1078016,17.0415083,3823
51.1078500,17.0413033,4985
51.1078466,17.0411700,7800
51.1078083,17.0409249,1078
51.1078016,17.0406066,0
51.1078316,17.0403066,0
51.1078433,17.0400500,0
51.1078116,17.0398116,973
51.1077233,17.0395066,0
51.1077150,17.0392533,904
51.1077700,17.0389950,5009
51.1078116,17.0387500,5510
51.1078700,17.0385000,3493
51.1078916,17.0382249,2421
51.1078733,17.0379466,2153
51.1078516,17.0376266,4753
51.1078366,17.0372266,0
51.1077300,17.0368833,3406
51.1076400,17.0365516,5910
51.1075500,17.0362566,0
51.1074316,17.0359850,0
51.1073483,17.0356800,0
51.1073033,17.0353666,0
51.1072616,17.0350749,0
51.1072416,17.0347849,1037
51.1072166,17.0344900,0
51.1072200,17.0341816,0
51.1072333,17.0338783,0
51.1072500,17.0335816,3907
51.1072700,17.0332833,0
51.1073333,17.0329049,2177
51.1073750,17.0326300,0
51.1074266,17.0323450,0
51.1074850,17.0320700,0
51.1075600,17.0317766,1108
51.1076250,17.0314866,0
51.1076866,17.0312100,0
51.1077483,17.0309383,0
51.1077766,17.0306983,0
51.1077416,17.0304666,0
51.1077766,17.0303333,0
51.1078233,17.0301850,0
51.1078700,17.0300050,0
51.1079066,17.0298150,0
51.1079366,17.0296433,0
51.1079883,17.0295183,1128
51.1080950,17.0295450,5755
51.1082216,17.0296083,7056
51.1083366,17.0296466,5597
51.1084916,17.0296983,5331
51.1085866,17.0296966,6536
51.1086783,17.0297116,6973
51.1088100,17.0297850,9950
51.1089183,17.0298550,3535
51.1089116,17.0297683,5410
51.1089383,17.0296683,8059
51.1090033,17.0296116,2471
51.1090266,17.0294983,0
51.1090433,17.0294333,0
51.1090416,17.0294133,0
51.1090383,17.0294100,0
51.1144683,17.0477400,0
51.1144650,17.0477400,0
51.1144583,17.0477400,0
51.1144566,17.0477366,0
51.1144500,17.0477483,0
51.1144266,17.0477383,0
51.1144266,17.0477300,0
51.1144100,17.0476766,2760
51.1144383,17.0476216,8147
51.1144783,17.0475550,7102
51.1145066,17.0474616,5041
51.1145200,17.0473483,4324
51.1145816,17.0472216,5779
51.1146200,17.0470900,6808
51.1146116,17.0469616,6733
51.1145483,17.0468433,8904
51.1145316,17.0467033,1657
51.1144816,17.0465133,9388
51.1144183,17.0463416,8143
51.1148250,17.0441683,0
51.1148733,17.0440700,10227
51.1147933,17.0437916,10286
51.1147433,17.0435400,9860
51.1147883,17.0433216,3882
51.1148933,17.0430549,8111
51.1149450,17.0428216,3821
51.1149200,17.0425800,8977
51.1149316,17.0423616,6020
51.1149133,17.0421333,8515
51.1149316,17.0419500,1582
51.1149983,17.0417516,7590
51.1150466,17.0415416,12095
51.1150966,17.0413233,6065
51.1151333,17.0411483,4027
51.1151133,17.0410016,1359
51.1150800,17.0408950,5498
51.1149466,17.0407883,9468
51.1148600,17.0407116,5967
51.1147666,17.0406650,9665
51.1137650,17.0399049,0
51.1137650,17.0399049,921
51.1136683,17.0398383,0
51.1136150,17.0398300,0
51.1136016,17.0398300,0
51.1135883,17.0398150,0
51.1135766,17.0398100,0
51.1135683,17.0398083,0
51.1135650,17.0398066,0
51.1135600,17.0398083,0
51.1135616,17.0398100,0
51.1135650,17.0398116,0
51.1135650,17.0398116,0
51.1135716,17.0398050,0
51.1135733,17.0398066,0
51.1135750,17.0398116,0
51.1135700,17.0398100,0
51.1135633,17.0398150,0
51.1135566,17.0398200,0
51.1135500,17.0398233,0
51.1135483,17.0398233,0
51.1135483,17.0398250,0
51.1135516,17.0398250,0
51.1135566,17.0398283,0
51.1135650,17.0398316,0
51.1135733,17.0398383,0
51.1135850,17.0398466,0
51.1135850,17.0398400,978
51.1135616,17.0398100,1353
51.1135216,17.0397700,7665
51.1134633,17.0397200,10034
51.1134200,17.0396583,0
51.1133483,17.0395950,0
51.1132750,17.0395350,998
51.1131950,17.0394916,0
51.1130516,17.0394300,0
51.1128833,17.0393816,2013
51.1127266,17.0393566,2937
51.1125666,17.0393183,0
51.1124016,17.0393200,0
51.1122216,17.0392900,0
51.1120050,17.0392350,918
51.1118450,17.0391866,4759
51.1116450,17.0391166,0
51.1115233,17.0390066,0
51.1114383,17.0388150,1245
51.1113816,17.0385950,4996
51.1113516,17.0383733,0
51.1113083,17.0381899,0
51.1111983,17.0380116,6819
51.1111500,17.0378266,6148
51.1111016,17.0376516,4820
51.1109916,17.0375233,1893
51.1109900,17.0373500,4158
51.1110250,17.0371566,4074
51.1110633,17.0369666,7222
51.1110966,17.0367800,5689
51.1111250,17.0365850,8468
51.1111600,17.0363700,7174
51.1112116,17.0360833,4727
51.1112216,17.0358650,4698
51.1112533,17.0356883,5916
51.1112866,17.0354333,3834
51.1113266,17.0352366,4702
51.1113750,17.0350850,3380
51.1114333,17.0349333,1557
51.1114816,17.0347983,5714
51.1115100,17.0346450,3079
51.1115366,17.0344750,917
51.1115833,17.0343266,2483
51.1116450,17.0341450,2469
51.1116783,17.0339616,1387
51.1117233,17.0337366,0
51.1117600,17.0334816,2776
51.1118016,17.0332416,3146
51.1118566,17.0329600,5629
51.1118983,17.0326733,5745
51.1119466,17.0324200,4495
51.1119883,17.0322000,2061
51.1120416,17.0320033,2584
51.1120883,17.0318000,2778
51.1121233,17.0316033,9794
51.1121866,17.0314400,3677
51.1121966,17.0313333,1184
51.1120433,17.0312100,3940
51.1118333,17.0311550,0
51.1116916,17.0311000,1065
51.1115766,17.0310400,948
51.1114766,17.0309716,923
51.1113533,17.0309050,3239
51.1112183,17.0308533,9486
51.1111316,17.0308666,1563
51.1111150,17.0308683,0
51.1110716,17.0308300,0
51.1109816,17.0307650,0
51.1107766,17.0306683,3865
51.1105633,17.0305500,1061
51.1104150,17.0304733,0
51.1102600,17.0303700,1083
51.1101083,17.0302900,951
51.1099600,17.0302250,0
51.1098250,17.0301633,8972
51.1097183,17.0300716,3292
51.1097233,17.0299450,7383
51.1097483,17.0297933,5590
51.1097766,17.0296600,4079
51.1097933,17.0295033,9180
51.1097716,17.0293416,6301
51.1097300,17.0291933,6847
51.1097250,17.0290733,4660
51.1097933,17.0289850,2473
51.1098816,17.0288750,0
51.1099716,17.0287416,0
51.1100716,17.0285816,0
51.1100866,17.0284200,0
51.1100400,17.0282333,0
51.1100350,17.0280700,0
51.1100600,17.0279500,0
51.1100800,17.0278433,0
51.1101200,17.0277283,6913
51.1101933,17.0275750,7728
51.1102166,17.0273500,0
51.1102316,17.0271983,0
51.1101966,17.0270800,0
51.1101750,17.0270033,0
51.1101733,17.0269883,0
51.1101683,17.0269800,0
51.1101550,17.0269800,0
51.1101483,17.0269850,0
51.1101483,17.0269850,0
51.1101483,17.0269850,0
51.1101483,17.0269850,0
51.1101483,17.0269850,0
51.1101483,17.0269850,0
51.1101483,17.0269850,0
51.1101483,17.0269850,0
51.1101483,17.0269850,0
51.1101483,17.0269850,0
51.1101483,17.0269850,0
51.1101483,17.0269850,0
51.1101533,17.0269816,994
51.1101516,17.0269733,0
51.1101716,17.0269483,1280
51.1101816,17.0268500,1071
51.1101716,17.0266233,0
51.1102383,17.0265983,0
51.1103033,17.0265533,1188
51.1102816,17.0264300,0
51.1103350,17.0263966,0
51.1103183,17.0263566,0
51.1102300,17.0263766,0
51.1101316,17.0264266,0
51.1099983,17.0264366,0
51.1098500,17.0264700,0
51.1097016,17.0265283,1183
51.1095400,17.0265900,0
51.1093833,17.0266533,0
51.1092583,17.0266866,0
51.1091683,17.0267033,0
51.1090833,17.0267400,0
51.1090233,17.0267783,0
51.1089916,17.0268133,0
51.1089933,17.0268183,960
51.1089433,17.0268483,0
51.1088333,17.0269266,0
51.1087400,17.0269733,0
51.1086750,17.0269433,0
51.1085583,17.0268366,0
51.1084000,17.0266850,0
51.1082550,17.0265983,0
51.1081933,17.0265666,0
51.1081733,17.0265633,0
51.1081316,17.0265350,0
51.1080700,17.0264833,0
51.1079716,17.0264250,0
51.1078766,17.0262883,0
51.1077483,17.0261400,0
51.1076133,17.0260066,0
51.1074950,17.0258666,0
51.1073916,17.0257216,0
51.1072966,17.0255700,0
51.1072650,17.0254199,0
51.1072900,17.0253033,2755
51.1073383,17.0252083,7243
51.1073916,17.0250866,0
51.1074666,17.0249666,0
51.1075466,17.0248300,0
51.1076283,17.0246816,0
51.1077033,17.0245050,0
51.1077866,17.0243333,918
51.1078583,17.0241283,1161
51.1079416,17.0239200,1048
51.1080116,17.0237283,0
51.1080800,17.0235633,0
51.1081566,17.0233999,2775
51.1082733,17.0232883,2187
51.1083750,17.0230733,3805
51.1084966,17.0229616,0
51.1086250,17.0229316,0
51.1087666,17.0229333,0
51.1088716,17.0229116,993
51.1089800,17.0228850,0
51.1091050,17.0228683,0
51.1092066,17.0228366,0
51.1093233,17.0228166,1957
51.1094416,17.0228316,0
51.1095966,17.0229050,6566
51.1097116,17.0229116,3768
51.1097950,17.0228883,3437
51.1099100,17.0228083,0
51.1100583,17.0227683,0
51.1102166,17.0227483,1197
51.1103250,17.0227450,943
51.1104216,17.0227366,6907
51.1104800,17.0227666,0
51.1104916,17.0227533,3656
51.1105500,17.0227550,4860
51.1106200,17.0227716,14278
51.1106450,17.0227733,0
51.1108000,17.0224900,0
51.1108000,17.0224900,0
51.1108033,17.0224800,0
51.1108083,17.0224800,0
51.1108100,17.0224816,2729
51.1108066,17.0224900,1978
51.1107566,17.0225133,9325
51.1106799,17.0225650,0
51.1105783,17.0226133,0
51.1104716,17.0226516,0
51.1103383,17.0226899,966
51.1101866,17.0227533,8084
51.1100283,17.0228316,4035
51.1098600,17.0228116,1910
51.1096950,17.0227800,2090
51.1095733,17.0227550,990
51.1094450,17.0227366,0
51.1092966,17.0227100,1848
51.1091283,17.0226899,1157
51.1089516,17.0226516,0
51.1088050,17.0226283,0
51.1086550,17.0226033,2034
51.1084583,17.0225949,5059
51.1082766,17.0226616,3492
51.1081266,17.0228000,0
51.1080133,17.0229650,3818
51.1079000,17.0231700,1110
51.1077750,17.0233750,1054
51.1076416,17.0236683,4050
51.1075400,17.0238616,1348
51.1074516,17.0240566,0
51.1073583,17.0242383,0
51.1072666,17.0244150,0
51.1071700,17.0245850,2345
51.1070666,17.0246550,8378
51.1070350,17.0247383,0
51.1070266,17.0248900,0
51.1070366,17.0249066,0
51.1070383,17.0249050,0
51.1070383,17.0249033,0
51.1070383,17.0249033,0
51.1070383,17.0249033,0
51.1070383,17.0249033,0
51.1070383,17.0249033,0
51.1070383,17.0249033,0
51.1070383,17.0249033,0
51.1070383,17.0249033,0
51.1070383,17.0249033,0
51.1070383,17.0249033,0
51.1070383,17.0249033,0
51.1070383,17.0249033,0
51.1070383,17.0249033,0
51.1070383,17.0249033,0
51.1070383,17.0249033,0
51.1070383,17.0249033,0
51.1070383,17.0249033,0
51.1070383,17.0249033,0
51.1070383,17.0249033,0
51.1070216,17.0249550,0
51.1069833,17.0251166,0
51.1069466,17.0253083,1900
51.1068816,17.0254883,0
51.1067950,17.0256650,0
51.1067283,17.0258716,0
51.1066416,17.0260700,0
51.1065400,17.0262300,0
51.1064250,17.0263916,0
51.1063233,17.0266216,2308
51.1062083,17.0268500,0
51.1060883,17.0271000,0
51.1059733,17.0273433,3148
51.1058483,17.0276133,2404
51.1057183,17.0279083,3071
51.1055800,17.0281966,3324
51.1054566,17.0284966,2026
51.1053216,17.0287650,928
51.1051800,17.0290266,0
51.1050450,17.0292766,0
51.1049216,17.0295116,0
51.1047933,17.0297566,0
51.1046783,17.0299966,0
51.1045633,17.0302250,954
51.1044533,17.0303983,0
51.1044200,17.0305433,0
51.1044216,17.0305750,0
51.1044216,17.0305933,0
51.1044216,17.0305933,0
51.1044216,17.0305933,0
51.1044216,17.0305933,0
51.1044216,17.0305933,0
51.1044216,17.0305950,0
51.1044216,17.0306000,0
51.1044233,17.0306066,0
51.1044233,17.0306066,0
51.1044233,17.0306066,0
51.1044250,17.0306116,0
51.1044233,17.0306100,0
51.1044233,17.0306100,0
51.1044233,17.0306100,0
51.1044233,17.0306100,0
51.1044233,17.0306100,0
51.1044233,17.0306100,0
51.1044233,17.0306100,0
51.1044233,17.0306100,0
51.1044233,17.0306116,0
51.1044266,17.0306166,0
51.1044283,17.0306183,0
51.1044250,17.0306383,0
51.1043916,17.0307133,0
51.1043716,17.0308450,2816
51.1044016,17.0310450,7638
51.1044316,17.0312700,5583
51.1044916,17.0315083,0
51.1045233,17.0316983,0
51.1045216,17.0318883,0
51.1045133,17.0320900,0
51.1045016,17.0322883,0
51.1044750,17.0325150,2163
51.1044566,17.0327400,926
51.1044466,17.0330033,1088
51.1044250,17.0332816,4011
51.1043900,17.0335133,0
51.1043516,17.0337533,1415
51.1043233,17.0340216,2089
51.1043000,17.0342833,899
51.1042666,17.0345149,0
51.1042683,17.0347033,6670
51.1043283,17.0348883,0
51.1044016,17.0350983,2500
51.1044616,17.0353500,1991
51.1044716,17.0355966,0
51.1044500,17.0358616,0
51.1044500,17.0361500,0
51.1044316,17.0363750,3550
51.1044666,17.0365799,0
51.1045600,17.0368266,2117
51.1046400,17.0370066,0
51.1047183,17.0371266,3691
51.1048233,17.0373066,10075
51.1049083,17.0374316,2900
51.1049766,17.0375633,1252
51.1050566,17.0376650,917
51.1051083,17.0377083,0
51.1051116,17.0377199,0
51.1051050,17.0377266,0
51.1051050,17.0377266,0
51.1051050,17.0377266,0
51.1051050,17.0377266,0
51.1051050,17.0377266,0
51.1051083,17.0377250,0
51.1051116,17.0377250,0
51.1051183,17.0377549,0
51.1051550,17.0378683,4700
51.1052016,17.0380583,0
51.1052350,17.0382666,0
51.1052650,17.0384716,0
51.1052950,17.0386933,0
51.1053483,17.0389733,0
51.1054350,17.0392750,0
51.1056133,17.0394633,3471
51.1057066,17.0396050,0
51.1057550,17.0397800,0
51.1058100,17.0399300,0
51.1058716,17.0400966,0
51.1060033,17.0402266,0
51.1061500,17.0403183,0
51.1063000,17.0404283,0
51.1064233,17.0405250,0
51.1065666,17.0405916,0
51.1067233,17.0406816,902
51.1069033,17.0407583,2245
51.1070766,17.0409000,0
51.1071216,17.0411166,0
51.1071183,17.0413083,0
51.1071216,17.0414083,0
51.1071383,17.0415283,0
51.1071233,17.0417300,0
51.1070983,17.0419316,0
51.1070600,17.0421633,0
51.1070050,17.0423599,0
51.1069616,17.0425583,0
51.1069300,17.0427250,0
51.1068883,17.0427950,1231
51.1068583,17.0429733,0
51.1069350,17.0433000,2375
51.1068583,17.0435383,0
51.1068433,17.0437333,0
51.1068433,17.0438966,0
51.1068466,17.0439733,0
51.1068466,17.0439950,0
51.1068450,17.0439983,0
51.1068566,17.0440199,5874
51.1068850,17.0441066,2306
51.1069283,17.0442733,0
51.1069750,17.0444750,3115
51.1070483,17.0447766,1488
51.1071200,17.0450233,0
51.1071666,17.0452583,0
51.1072200,17.0454683,0
51.1072800,17.0456933,0
51.1073516,17.0459833,0
51.1074250,17.0462833,0
51.1074400,17.0465283,2748
51.1073833,17.0467983,6245
51.1073666,17.0471150,4724
51.1073250,17.0474266,5922
51.1073116,17.0477833,1056
51.1073116,17.0481350,1079
51.1073116,17.0484866,0
51.1074816,17.0487133,3076
51.1076400,17.0488583,1075
51.1077916,17.0490816,0
51.1080166,17.0492616,4169
51.1081900,17.0494516,6132
51.1082683,17.0497483,2776
51.1083333,17.0500000,8617
51.1083900,17.0501983,6507
51.1084983,17.0503550,0
51.1086266,17.0504283,0
51.1087316,17.0505433,3460
51.1088333,17.0506916,0
51.1089350,17.0508450,0
51.1090266,17.0510266,3091
51.1090983,17.0512133,1892
51.1091583,17.0514116,906
51.1091950,17.0515966,1963
51.1092183,17.0517699,6450
51.1092566,17.0519383,0
51.1092750,17.0521216,931
51.1093233,17.0523016,0
51.1093700,17.0524366,0
51.1094200,17.0525783,5024
51.1094900,17.0528450,0
51.1095566,17.0530916,0
51.1096083,17.0533033,0
51.1095650,17.0534666,0
51.1094416,17.0535966,3219
51.1092866,17.0537150,1039
51.1091450,17.0539183,1967
51.1090133,17.0540400,0
51.1088583,17.0540683,0
51.1086866,17.0541733,5159
51.1085233,17.0543166,3362
51.1083650,17.0544650,3787
51.1081866,17.0546100,8728
51.1080100,17.0547550,3650
51.1078516,17.0549516,8403
51.1077016,17.0551500,1134
51.1075783,17.0553566,8650
51.1074400,17.0556816,2227
51.1073300,17.0558966,2236
51.1072283,17.0561466,2204
51.1071416,17.0564283,8100
51.1070716,17.0567316,4135
51.1070000,17.0570116,2187
51.1069366,17.0572516,926
51.1068950,17.0574950,1439
51.1068883,17.0577866,0
51.1069066,17.0580666,6393
51.1069166,17.0583683,0
51.1069283,17.0586750,4404
51.1069466,17.0589850,3621
51.1069466,17.0592783,3139
51.1069416,17.0595816,2358
51.1069466,17.0598450,2041
51.1069566,17.0601216,3815
51.1069683,17.0604283,7206
51.1069683,17.0607383,0
51.1069700,17.0610383,0
51.1069333,17.0613683,6938
51.1068866,17.0616766,7399
51.1068633,17.0619550,6152
51.1068516,17.0622250,3093
51.1068283,17.0624700,8906
51.1068033,17.0627166,5618
51.1067833,17.0629466,2984
51.1067433,17.0631683,7816
51.1067283,17.0634033,0
51.1067083,17.0636383,932
51.1067183,17.0640033,2343
51.1067433,17.0643933,0
51.1067566,17.0647000,6237
51.1067400,17.0649749,6448
51.1067350,17.0652533,5022
51.1067583,17.0655766,981
51.1067933,17.0658899,4107
51.1068366,17.0661733,3560
51.1068983,17.0664716,2487
51.1069800,17.0667933,3193
51.1070866,17.0670800,5721
51.1071733,17.0673400,0
51.1072383,17.0675216,4715
51.1073133,17.0677083,2194
51.1074066,17.0678783,0
51.1074883,17.0680500,1954
51.1075750,17.0682116,0
51.1076683,17.0683766,1129
51.1077633,17.0685283,0
51.1078616,17.0686516,0
51.1080283,17.0687766,0
51.1081116,17.0689033,0
51.1081083,17.0690516,0
51.1080683,17.0692116,0
51.1080283,17.0693983,0
51.1079866,17.0696050,0
51.1079300,17.0697900,0
51.1078683,17.0700600,2988
51.1078350,17.0702216,0
51.1078150,17.0703233,0
51.1078066,17.0705583,5158
51.1077716,17.0707716,0
51.1076866,17.0710400,2210
51.1075900,17.0713049,2967
51.1075183,17.0715416,8306
51.1074450,17.0717733,968
51.1073933,17.0720200,919
51.1073333,17.0722116,2357
51.1072783,17.0723766,1207
51.1072133,17.0725016,1989
51.1071283,17.0726383,3009
51.1069966,17.0728516,2497
51.1068566,17.0731450,1081
51.1067266,17.0734433,0
51.1066149,17.0737416,3017
51.1065133,17.0740499,1080
51.1064116,17.0743600,4014
51.1063033,17.0746566,0
51.1061983,17.0749649,3700
51.1060916,17.0752633,1449
51.1059816,17.0755400,0
51.1058733,17.0758233,0
51.1057616,17.0761233,0
51.1056683,17.0764416,0
51.1055750,17.0767350,7175
51.1054766,17.0770200,2074
51.1053783,17.0772916,4320
51.1052783,17.0775366,0
51.1051900,17.0777450,0
51.1051133,17.0779533,0
51.1050300,17.0781733,0
51.1049433,17.0783966,0
51.1048700,17.0786500,920
51.1047900,17.0788883,0
51.1046933,17.0791633,0
51.1046450,17.0794666,2258
51.1045916,17.0797233,2030
51.1045266,17.0799366,1259
51.1044700,17.0801300,0
51.1043933,17.0802416,3912
51.1043050,17.0802683,0
51.1041950,17.0802450,0
51.1040799,17.0802050,976
51.1039600,17.0803499,0
51.1038800,17.0805516,0
51.1037999,17.0807083,0
51.1037483,17.0808733,0
51.1037733,17.0809950,0
51.1037999,17.0810000,0
51.1037833,17.0809733,2079
51.1037816,17.0809466,0
51.1037766,17.0809450,0
51.1037749,17.0809466,0
51.1037749,17.0809466,0
51.1037749,17.0809466,0
51.1037749,17.0809450,0
51.1037766,17.0809450,0
51.1037816,17.0809416,0
51.1037816,17.0809416,0
51.1037833,17.0809400,0
51.1037850,17.0809400,0
51.1037850,17.0809400,0
51.1037883,17.0809333,0
51.1037883,17.0809283,0
51.1037883,17.0809283,0
51.1037900,17.0809283,0
51.1037900,17.0809300,0
51.1037900,17.0809300,0
51.1037900,17.0809283,0
51.1037883,17.0809283,0
51.1037900,17.0809266,0
51.1037916,17.0809266,0
51.1037916,17.0809266,0
51.1037916,17.0809266,0
51.1037916,17.0809266,0
51.1037916,17.0809266,0
51.1037916,17.0809250,0
51.1037916,17.0809250,0
51.1037916,17.0809250,0
51.1037900,17.0809250,0
51.1037900,17.0809250,0
51.1037900,17.0809250,0
51.1037883,17.0809250,0
51.1037850,17.0809233,0
51.1037850,17.0809233,0
51.1037866,17.0809250,0
51.1037883,17.0809216,0
51.1037950,17.0809150,0
51.1037950,17.0809133,0
51.1037999,17.0809066,0
51.1038016,17.0809050,0
51.1038016,17.0809050,0
51.1038016,17.0809050,0
51.1038016,17.0809050,0
51.1038016,17.0809050,0
51.1038016,17.0809066,0
51.1038016,17.0809066,0
51.1038016,17.0809066,0
51.1038016,17.0809066,0
51.1038016,17.0809066,0
51.1038016,17.0809066,0
51.1037999,17.0809066,0
51.1037983,17.0809066,0
51.1037950,17.0809083,0
51.1037933,17.0809100,0
51.1037916,17.0809150,0
51.1037883,17.0809183,0
51.1037833,17.0809200,0
51.1037816,17.0809216,0
51.1037816,17.0809216,0
51.1037816,17.0809216,0
51.1037816,17.0809166,0
51.1037816,17.0809150,0
51.1037833,17.0809133,0
51.1037833,17.0809116,0
51.1037833,17.0809133,0
51.1037833,17.0809100,0
51.1037833,17.0809033,0
51.1037850,17.0809016,0
51.1037833,17.0809016,0
51.1037850,17.0809050,0
51.1037850,17.0809066,0
51.1037866,17.0809050,0
51.1037866,17.0809050,0
51.1037866,17.0809050,0
51.1037866,17.0809050,0
51.1037866,17.0809050,0
51.1037866,17.0809050,0
51.1037866,17.0809050,0
51.1037883,17.0809050,0
51.1037900,17.0809050,0
51.1037883,17.0809050,0
51.1037866,17.0809016,0
51.1037883,17.0809000,0
51.1037883,17.0808966,0
51.1037883,17.0808933,0
51.1037900,17.0808950,0
51.1037883,17.0809000,0
51.1037883,17.0809033,0
51.1037866,17.0809050,0
51.1037850,17.0809033,0
51.1037816,17.0809033,0
51.1037783,17.0809016,0
51.1037783,17.0809050,0
51.1037783,17.0809083,0
51.1037800,17.0809116,0
51.1037800,17.0809133,0
51.1037766,17.0809250,0
51.1037766,17.0809266,0
51.1037766,17.0809283,0
51.1037766,17.0809283,0
51.1037783,17.0809316,0
51.1037766,17.0809366,0
51.1037783,17.0809349,0
51.1037783,17.0809300,0
51.1037816,17.0809266,0
51.1037850,17.0809250,0
51.1037850,17.0809250,0
51.1037883,17.0809200,0
51.1037900,17.0809150,0
51.1037916,17.0809083,0
51.1037950,17.0809050,0
51.1037966,17.0809016,0
51.1037999,17.0808966,0
51.1037999,17.0808950,0
51.1038016,17.0808899,0
51.1038033,17.0808816,0
51.1038066,17.0808783,0
51.1038083,17.0808750,0
51.1038100,17.0808766,0
51.1038116,17.0808766,0
51.1038133,17.0808766,0
51.1038150,17.0808783,0
51.1038166,17.0808833,0
51.1038166,17.0808966,0
51.1038116,17.0809000,0
51.1038083,17.0809016,0
51.1038066,17.0809033,0
51.1038033,17.0809033,0
51.1038016,17.0809050,0
51.1037983,17.0809050,0
51.1037933,17.0809000,0
51.1037900,17.0808983,0
51.1037883,17.0809016,0
51.1037900,17.0809033,0
51.1037950,17.0809033,0
51.1037966,17.0809066,0
51.1037983,17.0809100,0
51.1037983,17.0809133,0
51.1037983,17.0809150,0
51.1037983,17.0809150,0
51.1037983,17.0809133,0
51.1037983,17.0809116,0
51.1037999,17.0809100,0
51.1038033,17.0809116,0
51.1038033,17.0809150,0
51.1038083,17.0809166,0
51.1038233,17.0809250,0
51.1038266,17.0809266,0
51.1038250,17.0809266,0
51.1038266,17.0809250,0
51.1038300,17.0809200,0
51.1038333,17.0809200,0
51.1038366,17.0809216,0
51.1038400,17.0809183,0
51.1038433,17.0809166,0
51.1038449,17.0809166,0
51.1038449,17.0809166,0
51.1038533,17.0809083,0
51.1038533,17.0809116,0
51.1038516,17.0809133,0
51.1038516,17.0809166,0
51.1038533,17.0809166,0
51.1038550,17.0809133,0
51.1038550,17.0809116,0
51.1038533,17.0809100,0
51.1038516,17.0809100,0
51.1038483,17.0809116,0
51.1038483,17.0809133,0
51.1038433,17.0809150,0
51.1038433,17.0809166,0
51.1038416,17.0809200,0
51.1038416,17.0809183,0
51.1038400,17.0809150,0
51.1038400,17.0809150,0
51.1038383,17.0809166,0
51.1038350,17.0809183,0
51.1038316,17.0809183,0
51.1038316,17.0809200,0
51.1038316,17.0809233,0
51.1038316,17.0809266,0
51.1038316,17.0809349,0
51.1038333,17.0809400,0
51.1038316,17.0809400,0
51.1038316,17.0809416,0
51.1038300,17.0809466,0
51.1038283,17.0809483,0
51.1038266,17.0809516,0
51.1038233,17.0809533,0
51.1038233,17.0809550,0
51.1038250,17.0809566,0
51.1038250,17.0809583,0
51.1038266,17.0809633,0
51.1038266,17.0809666,0
51.1038250,17.0809700,0
51.1038233,17.0809700,0
51.1038200,17.0809716,0
51.1038166,17.0809716,0
51.1038133,17.0809700,0
51.1038100,17.0809716,0
51.1038033,17.0809733,3381
51.1037866,17.0809783,0
51.1037983,17.0809616,0
51.1037966,17.0809166,0
51.1037950,17.0808700,0
51.1038449,17.0808433,0
51.1039183,17.0808283,0
51.1040066,17.0809200,0
51.1041000,17.0810116,0
51.1041950,17.0810599,0
51.1042550,17.0809233,0
51.1042950,17.0807549,0
51.1043533,17.0806400,3949
51.1044450,17.0806183,0
51.1044983,17.0806716,6813
51.1045100,17.0807766,2194
51.1044900,17.0809050,0
51.1044583,17.0810900,0
51.1044250,17.0812766,1055
51.1043916,17.0814816,954
51.1043550,17.0817200,996
51.1043083,17.0820216,0
51.1042816,17.0822433,0
51.1042633,17.0824666,770
51.1042366,17.0827133,0
51.1041816,17.0829666,0
51.1041516,17.0832433,0
51.1041250,17.0835783,0
51.1041116,17.0838816,2996
51.1041166,17.0840666,0
51.1041283,17.0841666,0
51.1041333,17.0842066,0
51.1042116,17.0842916,0
51.1043216,17.0843516,0
51.1044149,17.0844400,1242
51.1044966,17.0846450,1106
51.1045400,17.0849133,5892
51.1045733,17.0852133,0
51.1046199,17.0855033,1317
51.1047183,17.0857366,0
51.1048733,17.0858816,3370
51.1050650,17.0859816,533
51.1052566,17.0860733,8505
51.1054533,17.0861583,1983
51.1056666,17.0862633,2102
51.1058616,17.0863566,6321
51.1060583,17.0864500,5373
51.1062266,17.0866016,2174
51.1062350,17.0868700,0
51.1061933,17.0871599,0
51.1061650,17.0874750,0
51.1061516,17.0877983,0
51.1061350,17.0881183,0
51.1061266,17.0884233,0
51.1061150,17.0887283,0
51.1061233,17.0890399,0
51.1061316,17.0893483,0
51.1061383,17.0896833,0
51.1061266,17.0900083,0
51.1061233,17.0903166,0
51.1061283,17.0906183,0
51.1061450,17.0909100,0
51.1061750,17.0912116,0
51.1062000,17.0915099,0
51.1062100,17.0917900,0
51.1062183,17.0920666,0
51.1062216,17.0923383,0
51.1062766,17.0925933,6289
51.1064416,17.0926849,510
51.1065950,17.0927016,0
51.1067433,17.0926900,0
51.1068816,17.0927433,1201
51.1070200,17.0928650,0
51.1071450,17.0930266,0
51.1072650,17.0932033,2231
51.1074066,17.0933716,0
51.1075966,17.0936150,0
51.1077300,17.0937883,0
51.1078700,17.0939816,0
51.1080183,17.0941883,0
51.1081350,17.0943400,1109
51.1082400,17.0944750,0
51.1083750,17.0944850,0
51.1085000,17.0944550,6523
51.1086233,17.0944266,0
51.1087533,17.0943783,3182
51.1088816,17.0943366,0
51.1090216,17.0942716,0
51.1091683,17.0942050,0
51.1092916,17.0941633,0
51.1094050,17.0941233,0
51.1095300,17.0941000,4223
51.1096550,17.0940483,1083
51.1097883,17.0940233,0
51.1099133,17.0940033,0
51.1100433,17.0939300,0
51.1101283,17.0938500,1081
51.1101833,17.0937100,0
51.1102583,17.0935766,1439
51.1103066,17.0934883,5444
51.1103266,17.0934133,0
51.1103083,17.0933283,0
51.1106633,17.0934316,0
51.1106633,17.0934316,0
51.1105916,17.0934400,0
51.1106100,17.0934200,0
51.1106666,17.0933750,0
51.1107250,17.0933550,0
51.1108050,17.0933216,0
51.1108850,17.0932666,0
51.1109350,17.0931616,5543
51.1110400,17.0930650,3399
51.1111650,17.0929733,0
51.1112350,17.0929000,0
51.1112933,17.0928549,0
51.1113533,17.0927900,0
51.1114066,17.0927250,4706
51.1114666,17.0926483,0
51.1115783,17.0925050,4443
51.1116983,17.0923433,7211
51.1118600,17.0920300,1139
51.1119683,17.0919916,0
51.1120883,17.0919900,499
51.1122083,17.0919766,1074
51.1123416,17.0920300,1028
51.1125266,17.0920200,1093
51.1126783,17.0920133,2051
51.1128050,17.0920250,5018
51.1129516,17.0920783,4555
51.1130950,17.0921016,0
51.1132200,17.0921000,0
51.1133266,17.0920749,0
51.1133616,17.0919416,0
51.1133783,17.0918100,0
51.1133833,17.0916150,0
51.1133700,17.0913699,0
51.1133433,17.0911333,0
51.1133133,17.0909133,12976
51.1132766,17.0907100,10279
51.1132466,17.0905083,0
51.1132066,17.0903099,0
51.1131650,17.0901133,128
51.1131366,17.0898933,0
51.1131116,17.0896700,0
51.1130766,17.0893816,0
51.1130416,17.0891333,0
51.1130116,17.0888783,0
51.1129650,17.0886216,0
51.1129050,17.0883983,1012
51.1128550,17.0881783,0
51.1128116,17.0879450,3065
51.1127583,17.0877550,0
51.1127050,17.0875783,0
51.1126783,17.0873183,0
51.1126516,17.0870700,0
51.1126266,17.0867849,0
51.1126533,17.0864366,0
51.1125983,17.0861783,1298
51.1125283,17.0859800,0
51.1124850,17.0858366,0
51.1124550,17.0857683,0
51.1124933,17.0856966,8649
51.1125350,17.0856099,1007
51.1126366,17.0855333,4303
51.1127233,17.0855050,1942
51.1128700,17.0853800,0
51.1130316,17.0853816,0
51.1131600,17.0853900,946
51.1132766,17.0853900,4811
51.1133900,17.0853716,0
51.1134816,17.0853366,0
51.1135783,17.0852733,0
51.1136649,17.0851983,0
51.1137733,17.0851666,0
51.1138216,17.0849816,0
51.1138950,17.0848116,0
51.1139800,17.0846383,0
51.1140516,17.0844350,921
51.1141183,17.0842483,918
51.1142000,17.0840149,973
51.1142300,17.0838416,5024
51.1142216,17.0836566,1960
51.1141900,17.0834666,392
51.1141683,17.0832766,2024
51.1141316,17.0830900,0
51.1140650,17.0829050,0
51.1139666,17.0827383,0
51.1139233,17.0825333,7011
51.1138650,17.0823366,3526
51.1138250,17.0821400,868
51.1138150,17.0819400,0
51.1137866,17.0817500,1088
51.1137616,17.0815566,0
51.1137616,17.0813450,0
51.1137816,17.0811100,0
51.1137983,17.0808866,0
51.1138250,17.0806633,0
51.1138566,17.0803900,0
51.1138766,17.0801833,0
51.1138900,17.0799100,0
51.1139166,17.0796583,0
51.1139416,17.0794500,5014
51.1139600,17.0792616,5952
51.1139633,17.0791400,0
51.1139683,17.0789850,0
51.1139866,17.0788066,5590
51.1139883,17.0786416,3370
51.1139933,17.0784633,3841
51.1140033,17.0783083,3035
51.1140350,17.0780833,0
51.1140600,17.0778549,463
51.1141050,17.0776083,1069
51.1141666,17.0772666,0
51.1141933,17.0770533,0
51.1142083,17.0768066,0
51.1142583,17.0766400,1511
51.1143983,17.0765199,0
51.1145466,17.0765050,0
51.1146833,17.0763683,0
51.1147633,17.0761766,956
51.1148633,17.0759483,2382
51.1149083,17.0757133,1029
51.1149616,17.0755583,0
51.1150000,17.0754150,458
51.1150166,17.0752466,0
51.1150366,17.0750716,0
51.1150816,17.0749033,0
51.1150583,17.0747466,1945
51.1151416,17.0743333,0
51.1151250,17.0741400,0
51.1150966,17.0739816,0
51.1150416,17.0738350,940
51.1150316,17.0735833,2134
51.1149900,17.0733816,0
51.1149383,17.0732400,1309
51.1149183,17.0730433,1033
51.1149083,17.0728766,0
51.1148983,17.0727083,1272
51.1148533,17.0725883,0
51.1147933,17.0724733,0
51.1147416,17.0723650,0
51.1147183,17.0721916,0
51.1146900,17.0720083,1316
51.1146499,17.0718283,3405
51.1145966,17.0716950,1838
51.1145733,17.0716083,0
51.1145200,17.0715633,1829
51.1145066,17.0714600,0
51.1144866,17.0713116,0
51.1144583,17.0711200,0
51.1144350,17.0708583,5782
51.1144100,17.0706016,0
51.1143933,17.0702683,0
51.1143533,17.0700366,0
51.1142566,17.0697916,0
51.1141366,17.0695483,0
51.1140466,17.0693100,0
51.1139716,17.0690699,0
51.1138900,17.0688450,0
51.1138250,17.0685866,0
51.1137466,17.0683533,0
51.1136816,17.0680950,0
51.1136366,17.0678283,0
51.1135983,17.0675883,0
51.1135116,17.0673483,0
51.1134333,17.0671116,0
51.1133666,17.0668933,0
51.1132933,17.0666900,0
51.1132150,17.0664933,0
51.1131316,17.0662916,0
51.1130583,17.0660850,0
51.1129849,17.0658799,0
51.1129183,17.0656466,0
51.1128350,17.0654266,0
51.1127683,17.0652166,0
51.1127150,17.0650116,0
51.1126583,17.0648350,0
51.1126333,17.0647083,3714
51.1125850,17.0645450,4178
51.1125533,17.0643733,0
51.1125100,17.0641700,1086
51.1124983,17.0639633,0
51.1124716,17.0638050,0
51.1124716,17.0636583,0
51.1124400,17.0635166,4249
51.1124066,17.0633600,964
51.1123550,17.0631933,0
51.1123166,17.0630300,0
51.1122766,17.0628616,0
51.1122016,17.0626983,0
51.1121083,17.0625133,0
51.1120483,17.0623500,0
51.1120283,17.0621916,0
51.1120000,17.0620433,0
51.1119583,17.0619583,0
51.1119466,17.0619216,0
51.1119166,17.0619250,0
51.1119150,17.0619433,2919
51.1119150,17.0619433,0
51.1118466,17.0619033,2228
51.1118950,17.0618900,0
51.1120016,17.0617783,0
51.1120150,17.0616750,0
51.1120416,17.0616066,0
51.1120600,17.0615600,0
51.1120483,17.0615050,0
51.1120400,17.0614500,4379
51.1120250,17.0613700,0
51.1120200,17.0612550,2213
51.1120200,17.0611199,4807
51.1120050,17.0609800,0
51.1119933,17.0608516,1001
51.1120383,17.0607750,0
51.1120916,17.0607350,0
51.1121083,17.0607366,0
51.1121383,17.0607116,0
51.1121283,17.0607083,0
51.1103066,17.0937950,0
51.1103066,17.0938000,0
51.1103133,17.0938150,0
51.1103216,17.0938383,0
51.1103250,17.0938516,0
51.1103283,17.0938600,1060
51.1103283,17.0938633,0
51.1103200,17.0938933,2000
51.1103000,17.0938950,0
51.1102500,17.0939049,0
51.1102083,17.0938666,968
51.1101133,17.0938633,0
51.1100183,17.0938900,0
51.1098683,17.0939566,0
51.1097750,17.0939416,0
51.1096133,17.0939716,0
51.1094700,17.0940150,0
51.1093750,17.0940600,0
51.1092150,17.0941233,0
51.1091150,17.0941866,924
51.1089333,17.0943150,1199
51.1088116,17.0944100,2382
51.1086483,17.0944616,3938
51.1085400,17.0945199,0
51.1082816,17.0951100,0
51.1082483,17.0952800,0
51.1081400,17.0956383,0
51.1080116,17.0962283,0
51.1079183,17.0966299,0
51.1077883,17.0972883,484
51.1076883,17.0977666,5368
51.1075666,17.0984983,0
51.1075133,17.0987483,3590
51.1073916,17.0993950,0
51.1073450,17.0997466,0
51.1074533,17.0999283,0
51.1078483,17.0994133,0
51.1080383,17.0993066,4214
51.1082133,17.0991183,0
51.1083966,17.0990266,10250
51.1085466,17.0988733,1883
51.1086466,17.0989266,2539
51.1087733,17.0988033,4495
51.1089450,17.0987133,0
51.1091200,17.0985200,0
51.1092200,17.0985666,0
51.1092533,17.0986483,0
51.1093066,17.0988550,2054
51.1093283,17.0990249,0
51.1093733,17.0991450,0
51.1094050,17.0992350,4975
51.1094833,17.0992733,3675
51.1095316,17.0992850,0
51.1095650,17.0994283,1122
51.1095900,17.0994749,0
51.1096266,17.0996016,949
51.1096583,17.0997466,2295
51.1097016,17.1000700,3749
51.1096533,17.1007216,3537
51.1096883,17.1010716,912
51.1097100,17.1012883,1060
51.1097383,17.1015133,0
51.1097800,17.1017100,0
51.1098133,17.1019149,920
51.1098450,17.1021133,0
51.1098533,17.1023283,0
51.1098283,17.1025300,1550
51.1098100,17.1027866,0
51.1098033,17.1030416,3124
51.1098000,17.1033100,0
51.1097783,17.1036983,0
51.1097583,17.1039000,0
51.1097400,17.1041266,0
51.1096933,17.1044000,1022
51.1096316,17.1046433,916
51.1095666,17.1048366,1759
51.1095050,17.1049983,0
51.1095033,17.1051800,3693
51.1094966,17.1053916,0
51.1094783,17.1055550,3034
51.1094566,17.1057183,0
51.1094050,17.1059050,2330
51.1093533,17.1060950,0
51.1093433,17.1062650,0
51.1093183,17.1064333,0
51.1092550,17.1066350,0
51.1091850,17.1068316,0
51.1091200,17.1070350,0
51.1090516,17.1071966,994
51.1089816,17.1073433,3016
51.1089033,17.1073466,0
51.1088266,17.1072800,0
51.1087516,17.1072216,0
51.1086766,17.1071916,0
51.1086200,17.1071400,0
51.1085316,17.1070850,927
51.1084400,17.1070366,0
51.1083500,17.1069650,953
51.1082433,17.1069033,0
51.1081383,17.1068550,0
51.1080316,17.1068483,6657
51.1079233,17.1068433,2473
51.1078016,17.1067500,3062
51.1077033,17.1066250,6811
51.1076000,17.1064950,3362
51.1075050,17.1063616,3892
51.1074116,17.1062233,4208
51.1073333,17.1060883,8594
51.1072366,17.1059800,6676
51.1071316,17.1058616,0
51.1070316,17.1057266,0
51.1069066,17.1056016,2197
51.1068200,17.1054650,1721
51.1067566,17.1053150,0
51.1067250,17.1051233,0
51.1067000,17.1049466,3981
51.1066316,17.1047966,0
51.1065866,17.1046383,0
51.1065366,17.1045433,3019
51.1065066,17.1044783,0
51.1064783,17.1044483,0
51.1064666,17.1044400,0
51.1064700,17.1044333,0
51.1064783,17.1044216,0
51.1064866,17.1044099,0
51.1064883,17.1044000,0
51.1064950,17.1043900,0
51.1064816,17.1043933,0
51.1064700,17.1043800,0
51.1064633,17.1043816,0
51.1064533,17.1043800,0
51.1064500,17.1043783,0
51.1064516,17.1043750,0
51.1064566,17.1043700,0
51.1064616,17.1043666,0
51.1064683,17.1043633,0
51.1064683,17.1043616,0
51.1064683,17.1043600,0
51.1064683,17.1043566,0
51.1064650,17.1043550,0
51.1064600,17.1043533,0
51.1064566,17.1043533,0
51.1064550,17.1043500,0
51.1064500,17.1043483,67
51.1064466,17.1043483,0
51.1064466,17.1043466,0
51.1064433,17.1043466,0
51.1064433,17.1043449,0
51.1064433,17.1043400,1199
51.1064533,17.1043183,0
51.1064716,17.1043100,2889
51.1064850,17.1043116,5269
51.1064550,17.1042899,0
51.1064083,17.1042066,4713
51.1063900,17.1040783,0
51.1063550,17.1039300,0
51.1063300,17.1037666,0
51.1063133,17.1035766,0
51.1062950,17.1033833,0
51.1062750,17.1031816,0
51.1062833,17.1029500,0
51.1062733,17.1027316,0
51.1062783,17.1024799,0
51.1062866,17.1022100,0
51.1062800,17.1019583,0
51.1062766,17.1017150,0
51.1062533,17.1015183,0
51.1062300,17.1013166,0
51.1062316,17.1010750,1099
51.1062250,17.1008349,0
51.1062300,17.1006166,0
51.1062216,17.1003833,0
51.1062233,17.1001383,0
51.1062066,17.0999200,0
51.1061850,17.0995933,0
51.1061733,17.0993683,0
51.1061666,17.0991316,0
51.1061683,17.0989033,0
51.1061433,17.0986833,0
51.1061366,17.0984449,0
51.1061333,17.0981766,0
51.1061233,17.0979033,0
51.1061450,17.0976050,0
51.1061600,17.0973099,0
51.1061483,17.0970383,0
51.1061483,17.0967800,0
51.1061500,17.0965100,0
51.1061366,17.0962566,0
51.1061033,17.0960483,0
51.1060816,17.0958316,1028
51.1060500,17.0956200,0
51.1060316,17.0954016,0
51.1060116,17.0951900,0
51.1059866,17.0949783,0
51.1059883,17.0947466,1227
51.1059933,17.0944783,0
51.1060183,17.0942166,0
51.1060183,17.0939850,927
51.1060150,17.0937450,0
51.1060133,17.0935100,0
51.1060100,17.0933116,0
51.1059983,17.0931333,0
51.1059800,17.0929716,0
51.1060016,17.0928183,1089
51.1061333,17.0926166,0
51.1062583,17.0925533,0
51.1063116,17.0926516,0
51.1063283,17.0927533,0
51.1063766,17.0927800,1019
51.1064400,17.0927616,0
51.1064600,17.0926866,0
51.1064800,17.0925650,0
51.1064800,17.0924216,0
51.1064883,17.0922533,1036
51.1065066,17.0920550,0
51.1065083,17.0918650,0
51.1064966,17.0916966,2315
51.1064933,17.0915450,0
51.1065150,17.0914183,1051
51.1065783,17.0913650,0
51.1066700,17.0912883,2382
51.1067766,17.0912683,2233
51.1068850,17.0912433,5801
51.1069866,17.0912450,0
51.1071000,17.0912466,0
51.1072133,17.0912299,0
51.1073283,17.0912100,0
51.1074783,17.0912216,1179
51.1076066,17.0912133,1069
51.1077350,17.0912016,4794
51.1078516,17.0912200,0
51.1079933,17.0912350,3306
51.1081133,17.0912366,7025
51.1082250,17.0912650,0
51.1083616,17.0912700,3132
51.1085050,17.0912900,905
51.1086450,17.0913100,946
51.1087616,17.0913166,846
51.1088733,17.0913016,0
51.1090116,17.0912933,3490
51.1091466,17.0912883,980
51.1092733,17.0912816,0
51.1094116,17.0912733,0
51.1095666,17.0912816,6039
51.1097216,17.0912916,0
51.1098700,17.0912816,3508
51.1100100,17.0912650,1920
51.1101316,17.0912433,2142
51.1102700,17.0912466,2855
51.1104050,17.0912700,4023
51.1105216,17.0912966,1588
51.1106566,17.0913083,3173
51.1107900,17.0912999,3280
51.1109166,17.0912983,0
51.1110616,17.0912833,1913
51.1111900,17.0912900,0
51.1113066,17.0913083,0
51.1114300,17.0913166,2354
51.1115683,17.0913100,0
51.1116583,17.0913183,0
51.1117016,17.0914100,0
51.1117316,17.0915283,2910
51.1117100,17.0916433,1932
51.1116850,17.0917250,1155
51.1116333,17.0918533,0
51.1115716,17.0919950,3391
51.1115300,17.0921466,913
51.1114966,17.0922633,0
51.1114300,17.0923566,2759
51.1113333,17.0924566,0
51.1112383,17.0925550,3746
51.1111583,17.0926550,0
51.1110833,17.0927700,4953
51.1109933,17.0928816,0
51.1109116,17.0929800,0
51.1108316,17.0930950,1007
51.1107533,17.0932066,2225
51.1106983,17.0933083,4160
51.1106799,17.0934216,0
51.1106600,17.0934450,0
51.1106550,17.0934466,0
51.1106483,17.0934616,2243
51.1106566,17.0934600,0
51.1104116,17.0938216,0
51.1104116,17.0938216,0
51.1104100,17.0938166,0
51.1104200,17.0937550,8598
51.1104449,17.0936900,0
51.1104650,17.0936699,0
51.1104666,17.0936449,0
51.1104716,17.0936416,0
51.1104700,17.0936466,0
51.1104616,17.0936483,3792
51.1104366,17.0936716,0
51.1103983,17.0936750,0
51.1103250,17.0936783,0
51.1102333,17.0937133,0
51.1101333,17.0937616,0
51.1100166,17.0938200,2130
51.1098583,17.0938550,0
51.1096383,17.0938333,0
51.1094233,17.0938733,0
51.1092866,17.0939416,0
51.1091433,17.0939966,0
51.1090000,17.0940700,0
51.1088733,17.0941383,0
51.1087650,17.0942000,0
51.1086600,17.0942716,2966
51.1085416,17.0943416,0
51.1084650,17.0944616,0
51.1085033,17.0946416,0
51.1085716,17.0948033,0
51.1086450,17.0949816,0
51.1087233,17.0951600,0
51.1087966,17.0953333,0
51.1088816,17.0955250,0
51.1089483,17.0957266,2585
51.1090100,17.0959166,3156
51.1090716,17.0961200,0
51.1091133,17.0963249,2997
51.1091766,17.0965200,1115
51.1092100,17.0967083,0
51.1092383,17.0969183,1061
51.1092733,17.0971100,0
51.1093083,17.0973083,3783
51.1093350,17.0975066,1049
51.1093616,17.0977066,2052
51.1093816,17.0979183,0
51.1094033,17.0981366,966
51.1094500,17.0983516,996
51.1094816,17.0985750,0
51.1095050,17.0988166,979
51.1095283,17.0990216,928
51.1095550,17.0992350,0
51.1095866,17.0994450,0
51.1095983,17.0996516,0
51.1096200,17.0998900,2045
51.1096450,17.1001166,4805
51.1097050,17.1002966,0
51.1097416,17.1004950,3643
51.1097516,17.1007300,917
51.1097483,17.1009299,1147
51.1097583,17.1011200,7210
51.1097966,17.1013216,5368
51.1098483,17.1015366,5979
51.1098866,17.1017566,949
51.1098983,17.1020116,929
51.1099200,17.1022566,972
51.1099233,17.1025316,1171
51.1099033,17.1027700,925
51.1098800,17.1030000,0
51.1098533,17.1032116,1204
51.1098400,17.1034133,2283
51.1098033,17.1036050,3287
51.1097450,17.1037483,917
51.1096733,17.1039900,1016
51.1096150,17.1041133,458
51.1095150,17.1042683,4810
51.1094683,17.1044366,5562
51.1094666,17.1046933,2221
51.1094816,17.1049116,0
51.1094383,17.1050650,1404
51.1093200,17.1051816,0
51.1092666,17.1053516,4568
51.1091650,17.1055283,0
51.1090916,17.1057550,0
51.1090216,17.1059733,0
51.1089200,17.1062183,4917
51.1088316,17.1065566,2953
51.1087616,17.1068566,2292
51.1087550,17.1070750,0
51.1087533,17.1071783,0
51.1087633,17.1072250,0
51.1087550,17.1072133,0
51.1087333,17.1072300,0
51.1087600,17.1071883,0
51.1087200,17.1071700,0
51.1086516,17.1071383,0
51.1085783,17.1070950,0
51.1084950,17.1070466,1374
51.1084083,17.1069966,0
51.1083000,17.1069400,0
51.1081916,17.1068833,0
51.1081250,17.1068050,0
51.1080650,17.1067983,0
51.1080066,17.1067850,0
51.1079316,17.1067133,1526
51.1079083,17.1066816,6590
51.1078266,17.1066833,6561
51.1077300,17.1066016,5388
51.1076150,17.1065283,8615
51.1074900,17.1064450,3299
51.1073416,17.1063516,6461
51.1072216,17.1062533,6929
51.1070433,17.1061300,9348
51.1069050,17.1060250,4283
51.1067933,17.1059200,3267
51.1066983,17.1058116,1045
51.1066450,17.1056766,2128
51.1065716,17.1054783,1083
51.1065333,17.1052616,0
51.1065100,17.1050416,1093
51.1064900,17.1048233,0
51.1064883,17.1046000,0
51.1064700,17.1043716,0
51.1064550,17.1041466,0
51.1064166,17.1039233,0
51.1064166,17.1036750,0
51.1063916,17.1033466,0
51.1063866,17.1030566,0
51.1063966,17.1027700,0
51.1063866,17.1025100,0
51.1063816,17.1022650,0
51.1063783,17.1020166,0
51.1063550,17.1017800,0
51.1063700,17.1014966,0
51.1064000,17.1012100,999
51.1064033,17.1009316,0
51.1063883,17.1006616,0
51.1063716,17.1003800,0
51.1063450,17.1001083,0
51.1063383,17.0998516,1018
51.1063516,17.0995783,0
51.1063633,17.0992716,0
51.1063466,17.0990200,0
51.1063466,17.0987700,0
51.1063333,17.0985183,0
51.1063166,17.0982466,1910
51.1062916,17.0979850,0
51.1062983,17.0977366,0
51.1063016,17.0975100,0
51.1062866,17.0972816,0
51.1062583,17.0970366,0
51.1062483,17.0968000,0
51.1062466,17.0965333,0
51.1062583,17.0962633,0
51.1062100,17.0960216,0
51.1062266,17.0957433,2182
51.1062383,17.0954683,0
51.1062383,17.0952533,0
51.1062416,17.0950216,0
51.1062216,17.0947216,0
51.1062716,17.0944183,0
51.1062566,17.0942200,0
51.1062416,17.0940483,0
51.1061916,17.0939216,0
51.1062316,17.0937750,981
51.1062366,17.0936116,0
51.1062383,17.0934166,0
51.1062583,17.0932066,0
51.1062766,17.0930133,3879
51.1063150,17.0928933,0
51.1064566,17.0927849,2042
51.1065683,17.0927700,0
51.1067016,17.0927566,0
51.1068400,17.0927883,0
51.1069683,17.0928916,0
51.1071016,17.0930316,0
51.1072466,17.0931550,0
51.1073933,17.0932949,0
51.1075666,17.0934933,0
51.1076883,17.0936150,0
51.1077983,17.0937399,961
51.1079116,17.0938750,912
51.1080216,17.0940133,0
51.1081250,17.0941833,0
51.1082300,17.0943400,1456
51.1083550,17.0943583,1064
51.1084433,17.0943633,0
51.1085366,17.0943483,3843
51.1086366,17.0943400,310
51.1087250,17.0943583,0
51.1088383,17.0943433,934
51.1089383,17.0943466,0
51.1090783,17.0943150,0
51.1092300,17.0942516,2365
51.1093783,17.0941900,2573
51.1095183,17.0941449,0
51.1096516,17.0940866,0
51.1097550,17.0940466,0
51.1098583,17.0939983,0
51.1099400,17.0939650,0
51.1100250,17.0939200,0
51.1101516,17.0938000,0
51.1101833,17.0937699,0
51.1101850,17.0937816,0
51.1101816,17.0937866,0
51.1101850,17.0937833,0
51.1126133,17.0027200,0
51.1126183,17.0027083,0
51.1126266,17.0026883,0
51.1126250,17.0026800,0
51.1126200,17.0026833,0
51.1126116,17.0027016,0
51.1126083,17.0027099,0
51.1125716,17.0027416,0
51.1125533,17.0027516,0
51.1125533,17.0027516,0
51.1125683,17.0026916,0
51.1125816,17.0026000,0
51.1125833,17.0025016,0
51.1125950,17.0024066,1198
51.1125450,17.0023283,0
51.1125883,17.0023333,0
51.1126716,17.0024300,0
51.1127600,17.0025150,0
51.1128416,17.0024883,0
51.1129266,17.0025000,0
51.1129533,17.0025616,9356
51.1129633,17.0026666,0
51.1129633,17.0027850,0
51.1129700,17.0029200,0
51.1129650,17.0030499,0
51.1129400,17.0031700,0
51.1128683,17.0033250,0
51.1128366,17.0035133,0
51.1128116,17.0037066,0
51.1127833,17.0039250,0
51.1127466,17.0041483,0
51.1126333,17.0045350,0
51.1123316,17.0049533,0
51.1122650,17.0050999,0
51.1122183,17.0053350,0
51.1121916,17.0056183,0
51.1121633,17.0058916,1053
51.1121466,17.0061900,2204
51.1121233,17.0064700,1024
51.1120916,17.0067466,0
51.1120633,17.0070450,0
51.1120250,17.0073433,0
51.1119916,17.0076550,0
51.1119666,17.0079366,0
51.1119183,17.0082250,0
51.1118666,17.0084866,0
51.1118083,17.0087599,0
51.1117666,17.0090316,0
51.1117350,17.0092966,0
51.1117016,17.0095916,3462
51.1116700,17.0098733,0
51.1116166,17.0101633,3813
51.1116100,17.0104850,0
51.1115783,17.0107500,1037
51.1115366,17.0110433,906
51.1115066,17.0113283,0
51.1114550,17.0116966,0
51.1114066,17.0119550,0
51.1113400,17.0122433,1089
51.1112983,17.0125283,0
51.1112416,17.0128083,0
51.1111866,17.0130850,0
51.1111583,17.0133649,0
51.1111333,17.0136383,0
51.1110833,17.0138983,0
51.1110350,17.0141616,0
51.1109966,17.0144300,0
51.1109633,17.0146850,0
51.1109083,17.0149683,0
51.1108066,17.0152533,0
51.1107283,17.0155283,0
51.1106683,17.0157833,0
51.1106250,17.0160483,0
51.1105966,17.0163150,0
51.1105483,17.0166083,0
51.1105533,17.0168950,0
51.1105516,17.0171066,0
51.1105533,17.0171983,0
51.1105516,17.0172516,0
51.1105500,17.0172616,0
51.1105500,17.0172616,0
51.1105500,17.0172616,982
51.1105466,17.0172700,0
51.1104933,17.0173900,0
51.1104766,17.0174500,0
51.1104833,17.0174633,0
51.1104833,17.0174683,0
51.1104850,17.0174766,0
51.1104583,17.0175283,0
51.1104000,17.0176616,0
51.1103266,17.0178249,0
51.1102166,17.0179950,0
51.1100983,17.0181766,0
51.1099800,17.0183516,0
51.1098650,17.0185116,0
51.1097633,17.0186933,0
51.1096400,17.0188400,0
51.1094716,17.0189233,0
51.1092983,17.0190183,0
51.1092116,17.0190900,0
51.1090916,17.0191616,0
51.1090816,17.0191700,0
51.1090850,17.0191700,0
51.1090850,17.0191700,0
51.1090850,17.0191700,0
51.1090850,17.0191700,0
51.1090850,17.0191700,0
51.1090850,17.0191700,0
51.1090900,17.0191766,0
51.1090516,17.0192966,0
51.1090050,17.0193699,0
51.1089983,17.0194383,0
51.1089983,17.0194450,0
51.1089733,17.0195100,0
51.1089216,17.0195933,0
51.1088983,17.0196233,0
51.1088666,17.0196433,0
51.1088600,17.0196533,0
51.1088766,17.0196666,0
51.1088833,17.0196683,0
51.1088866,17.0196750,0
51.1088850,17.0196733,0
51.1088866,17.0196816,0
51.1088883,17.0196883,0
51.1088916,17.0196966,0
51.1088933,17.0197049,0
51.1088950,17.0197150,0
51.1088966,17.0197216,0
51.1088966,17.0197266,0
51.1088933,17.0197300,0
51.1088933,17.0197350,0
51.1088983,17.0197383,0
51.1089000,17.0197433,0
51.1089033,17.0197466,0
51.1089033,17.0197500,0
51.1089016,17.0197500,0
51.1088983,17.0197483,0
51.1088983,17.0197450,0
51.1088950,17.0197450,0
51.1088916,17.0197433,0
51.1088850,17.0197399,0
51.1088766,17.0197366,0
51.1088500,17.0197266,0
51.1088250,17.0197183,0
51.1088133,17.0197166,0
51.1088233,17.0197250,0
51.1088266,17.0197266,0
51.1088283,17.0197233,1231
51.1088100,17.0197716,1990
51.1087450,17.0199050,1126
51.1087066,17.0199666,1215
51.1086433,17.0200416,0
51.1085500,17.0201866,0
51.1084616,17.0203866,1081
51.1083716,17.0206233,0
51.1082933,17.0208300,901
51.1082083,17.0210666,0
51.1081733,17.0211733,0
51.1081700,17.0212383,0
51.1081700,17.0212866,0
51.1081566,17.0214116,1016
51.1081333,17.0215383,0
51.1081200,17.0216816,2769
51.1081733,17.0218650,4193
51.1082233,17.0220416,4029
51.1082983,17.0222466,2434
51.1082933,17.0224233,8886
51.1082583,17.0226216,8087
51.1082000,17.0228149,0
51.1081266,17.0230216,0
51.1080433,17.0232200,1175
51.1079200,17.0234566,4037
51.1078416,17.0236683,2904
51.1077183,17.0238666,1114
51.1076250,17.0240616,1163
51.1075383,17.0242566,1054
51.1074766,17.0244500,0
51.1073600,17.0246233,6889
51.1072633,17.0247500,6543
51.1072216,17.0248283,0
51.1072016,17.0248366,0
51.1071833,17.0248116,0
51.1071633,17.0248000,0
51.1071450,17.0247800,0
51.1071350,17.0247816,0
51.1071266,17.0247916,0
51.1071150,17.0247900,0
51.1070933,17.0248283,0
51.1070450,17.0249783,6333
51.1069933,17.0252499,0
51.1068800,17.0254483,0
51.1068266,17.0256783,2234
51.1067500,17.0259333,4163
51.1066350,17.0261816,0
51.1065566,17.0264733,0
51.1064500,17.0267433,1524
51.1063233,17.0270133,3649
51.1061883,17.0272683,1228
51.1060416,17.0275283,2923
51.1059133,17.0278116,2750
51.1057400,17.0281200,1003
51.1056033,17.0284316,0
51.1054550,17.0286950,0
51.1053233,17.0289650,0
51.1051850,17.0291883,0
51.1050483,17.0294400,924
51.1049050,17.0297000,0
51.1047750,17.0299333,0
51.1046516,17.0301383,0
51.1044933,17.0303183,0
51.1044500,17.0304016,0
51.1044366,17.0304150,0
51.1044333,17.0304116,0
51.1044333,17.0304050,0
51.1044283,17.0303933,0
51.1044266,17.0303899,0
51.1044266,17.0303866,0
51.1044283,17.0303833,0
51.1044283,17.0303833,0
51.1044283,17.0303833,0
51.1044283,17.0303833,0
51.1044283,17.0303833,0
51.1044283,17.0303833,0
51.1044283,17.0303833,0
51.1044283,17.0303833,0
51.1044283,17.0303833,0
51.1044283,17.0303833,0
51.1044266,17.0303916,1160
51.1043966,17.0305566,2883
51.1043083,17.0309033,4187
51.1043216,17.0311450,2732
51.1043983,17.0314766,968
51.1044433,17.0317883,3883
51.1044533,17.0320866,3609
51.1044316,17.0323783,4589
51.1043883,17.0326650,2241
51.1043666,17.0330000,5314
51.1043466,17.0333283,2247
51.1043050,17.0336383,0
51.1042616,17.0339433,914
51.1042333,17.0342733,3244
51.1041966,17.0345550,1035
51.1041833,17.0348283,2431
51.1042300,17.0350749,4050
51.1043483,17.0353250,2148
51.1044149,17.0355700,2329
51.1044016,17.0358633,0
51.1043533,17.0361366,0
51.1043149,17.0364066,0
51.1043666,17.0366450,4099
51.1045350,17.0369100,0
51.1046416,17.0371183,0
51.1047849,17.0373150,1915
51.1049200,17.0373750,9766
51.1050283,17.0374300,1638
51.1050816,17.0374933,980
51.1051283,17.0375666,1953
51.1051983,17.0376933,4379
51.1052650,17.0377850,1182
51.1052750,17.0378383,0
51.1052833,17.0378450,0
51.1052833,17.0378500,0
51.1052833,17.0378500,0
51.1052833,17.0378500,0
51.1052833,17.0378500,0
51.1052833,17.0378500,0
51.1052850,17.0378500,0
51.1052866,17.0378483,0
51.1052833,17.0378433,2011
51.1052700,17.0380050,1979
51.1052933,17.0382183,1141
51.1053283,17.0384666,2769
51.1053583,17.0388366,7573
51.1053933,17.0391816,921
51.1054700,17.0395200,0
51.1056383,17.0397066,1150
51.1057616,17.0399250,0
51.1058400,17.0400816,1025
51.1059316,17.0402933,0
51.1061233,17.0405283,0
51.1063150,17.0406483,904
51.1065000,17.0407666,0
51.1066950,17.0408800,0
51.1068816,17.0409933,1036
51.1070616,17.0410650,958
51.1071833,17.0411399,0
51.1072666,17.0412716,1081
51.1072750,17.0414416,0
51.1072600,17.0415783,0
51.1072683,17.0416166,0
51.1072683,17.0416383,0
51.1072600,17.0417116,2678
51.1072550,17.0418933,0
51.1071983,17.0421333,0
51.1071266,17.0424099,956
51.1070683,17.0426950,3366
51.1069966,17.0429366,0
51.1069466,17.0431583,0
51.1070150,17.0434716,0
51.1070100,17.0436266,0
51.1070050,17.0437816,0
51.1069800,17.0438866,0
51.1069916,17.0439566,0
51.1070016,17.0439550,0
51.1070066,17.0439550,0
51.1070100,17.0439566,0
51.1070100,17.0439566,0
51.1070100,17.0439566,0
51.1070100,17.0439566,0
51.1070100,17.0439566,0
51.1070100,17.0439566,0
51.1070100,17.0439566,0
51.1070100,17.0439566,0
51.1070100,17.0439566,0
51.1070100,17.0439566,1001
51.1070100,17.0439650,0
51.1070083,17.0439683,318
51.1070050,17.0439716,0
51.1070050,17.0439716,0
51.1070050,17.0439716,0
51.1070050,17.0439716,0
51.1070050,17.0439716,0
51.1070050,17.0439716,0
51.1070050,17.0439716,0
51.1070050,17.0439716,0
51.1070050,17.0439733,3209
51.1069950,17.0440350,4723
51.1069416,17.0443033,0
51.1069483,17.0445766,2992
51.1070216,17.0448750,4771
51.1071666,17.0452566,0
51.1072700,17.0456100,1160
51.1073350,17.0460483,0
51.1073683,17.0464116,2489
51.1072933,17.0467700,4173
51.1072483,17.0471333,10342
51.1072283,17.0475350,4536
51.1072100,17.0479383,2560
51.1071850,17.0483200,0
51.1073416,17.0486650,7566
51.1076066,17.0489616,9064
51.1078483,17.0492033,0
51.1081333,17.0493700,1635
51.1082600,17.0496366,6818
51.1083533,17.0499216,7329
51.1084266,17.0501466,6817
51.1084883,17.0503316,0
51.1086150,17.0504250,954
51.1087250,17.0505683,5602
51.1088366,17.0507600,0
51.1089566,17.0509516,0
51.1090666,17.0511383,0
51.1091316,17.0513366,0
51.1091950,17.0514950,0
51.1092233,17.0516533,2237
51.1092483,17.0517733,0
51.1092600,17.0518433,0
51.1092650,17.0518750,0
51.1092700,17.0519133,0
51.1092733,17.0519483,909
51.1092950,17.0520833,3400
51.1093366,17.0522916,0
51.1093850,17.0524883,2335
51.1094666,17.0527866,0
51.1095133,17.0530316,0
51.1095516,17.0531883,0
51.1095750,17.0532850,910
51.1096000,17.0534566,2980
51.1095516,17.0535716,0
51.1094533,17.0536850,0
51.1093350,17.0538033,4571
51.1092116,17.0539283,0
51.1090933,17.0539733,3280
51.1089533,17.0540600,0
51.1088033,17.0542316,4802
51.1086300,17.0544050,3021
51.1084250,17.0545600,2286
51.1082016,17.0547299,2312
51.1080066,17.0549183,3181
51.1078433,17.0551416,9030
51.1076866,17.0553500,6856
51.1075400,17.0555750,6447
51.1074416,17.0558600,5380
51.1073483,17.0561366,3550
51.1072500,17.0565416,3161
51.1071816,17.0568383,1171
51.1071133,17.0571350,6550
51.1070683,17.0574833,3565
51.1070616,17.0578016,4587
51.1070833,17.0581100,2969
51.1071083,17.0584083,2273
51.1071216,17.0586900,2973
51.1071250,17.0589866,5258
51.1071133,17.0592700,0
51.1071133,17.0595350,3371
51.1071200,17.0598200,5657
51.1071200,17.0601300,4554
51.1071500,17.0604433,1272
51.1071549,17.0607316,2525
51.1071366,17.0609800,0
51.1071250,17.0612500,128
51.1071200,17.0615133,1516
51.1071100,17.0618083,3660
51.1071166,17.0620983,6021
51.1070983,17.0624583,0
51.1070766,17.0627783,5198
51.1070433,17.0630400,7179
51.1069983,17.0633133,3292
51.1070116,17.0636166,2646
51.1070016,17.0639133,2581
51.1069733,17.0642116,986
51.1069716,17.0645366,3514
51.1069666,17.0648533,3494
51.1069616,17.0651733,5977
51.1069566,17.0654800,4754
51.1069750,17.0657983,1937
51.1069950,17.0660883,2713
51.1070300,17.0663283,1162
51.1070683,17.0666000,4783
51.1071100,17.0668550,2220
51.1071600,17.0670500,2752
51.1072366,17.0672716,5468
51.1073400,17.0675066,3499
51.1074533,17.0677550,9393
51.1075766,17.0679783,926
51.1077300,17.0682866,2104
51.1078750,17.0685266,0
51.1080166,17.0687433,0
51.1081450,17.0688516,0
51.1082016,17.0689500,1056
51.1081833,17.0690333,436
51.1081466,17.0692033,0
51.1080983,17.0693883,0
51.1080516,17.0695933,1024
51.1080116,17.0697700,0
51.1079733,17.0699433,1733
51.1079466,17.0701200,0
51.1079500,17.0703000,1010
51.1079333,17.0704750,0
51.1079316,17.0707383,0
51.1078316,17.0709983,0
51.1077750,17.0711800,0
51.1077566,17.0713883,2013
51.1077366,17.0715700,0
51.1077616,17.0718350,1080
51.1076950,17.0720883,5838
51.1075950,17.0723683,0
51.1074533,17.0725583,2312
51.1073300,17.0727450,1049
51.1071800,17.0729916,226
51.1070666,17.0732516,3334
51.1069450,17.0734950,0
51.1068516,17.0737416,0
51.1067450,17.0740099,978
51.1066466,17.0743016,2437
51.1065283,17.0745716,0
51.1064216,17.0748650,904
51.1063266,17.0751700,2057
51.1062200,17.0754450,0
51.1060933,17.0757483,2108
51.1059316,17.0760400,2829
51.1058133,17.0763516,3062
51.1057350,17.0766666,4697
51.1056633,17.0769883,2066
51.1055733,17.0772683,0
51.1054900,17.0775233,0
51.1054266,17.0777950,0
51.1053483,17.0780733,0
51.1052683,17.0783700,0
51.1051900,17.0786450,0
51.1051033,17.0789383,0
51.1050233,17.0791916,0
51.1049766,17.0794516,2328
51.1049466,17.0796916,3230
51.1048833,17.0799066,2393
51.1047933,17.0801083,0
51.1047316,17.0803266,2752
51.1046783,17.0805849,3315
51.1046266,17.0808566,3346
51.1045833,17.0811483,0
51.1045300,17.0814733,1248
51.1044783,17.0817816,982
51.1044433,17.0820866,0
51.1044016,17.0823899,0
51.1043600,17.0826800,0
51.1043133,17.0829583,2744
51.1042749,17.0831983,990
51.1042483,17.0833283,0
51.1042250,17.0834216,4206
51.1041850,17.0836316,3517
51.1041883,17.0838983,0
51.1042033,17.0841600,0
51.1042266,17.0843583,212
51.1042749,17.0844316,935
51.1043900,17.0844400,0
51.1045400,17.0845333,0
51.1046199,17.0847216,0
51.1046466,17.0849866,2709
51.1046783,17.0852833,1289
51.1047333,17.0855750,3268
51.1048050,17.0858350,3332
51.1049316,17.0859483,3588
51.1050983,17.0860433,5661
51.1052616,17.0861350,10182
51.1055216,17.0863183,4904
51.1057133,17.0864033,980
51.1058966,17.0864583,2788
51.1060783,17.0865200,302
51.1062150,17.0866516,0
51.1062450,17.0869200,0
51.1062350,17.0872349,996
51.1062399,17.0875600,0
51.1062433,17.0878833,0
51.1062366,17.0882233,0
51.1062399,17.0885583,0
51.1062350,17.0888850,0
51.1062416,17.0892116,0
51.1062416,17.0895366,0
51.1062399,17.0898849,1496
51.1062350,17.0902466,912
51.1062366,17.0905766,3263
51.1062300,17.0909033,908
51.1062566,17.0912233,0
51.1062783,17.0915466,0
51.1062983,17.0918816,0
51.1063083,17.0921916,0
51.1063066,17.0924550,7079
51.1063450,17.0926216,2830
51.1064750,17.0926766,0
51.1066066,17.0926716,1716
51.1067350,17.0926766,0
51.1069066,17.0927216,945
51.1070500,17.0928316,916
51.1071783,17.0929766,2278
51.1073050,17.0931200,3514
51.1074616,17.0933766,0
51.1075950,17.0935683,0
51.1077283,17.0937433,2505
51.1078433,17.0938883,0
51.1079550,17.0940616,0
51.1080916,17.0942500,1424
51.1082066,17.0944016,905
51.1082833,17.0944433,990
51.1084233,17.0944033,6847
51.1085816,17.0943550,996
51.1087266,17.0943033,1098
51.1088816,17.0942466,998
51.1090500,17.0941833,2077
51.1092200,17.0941283,966
51.1093850,17.0940700,1396
51.1095683,17.0940333,1852
51.1097850,17.0939766,0
51.1099700,17.0939499,0
51.1101250,17.0939233,913
51.1102333,17.0939033,0
51.1102900,17.0938216,1384
51.1103250,17.0936683,2782
51.1103783,17.0935633,1950
51.1104233,17.0934716,932
51.1104283,17.0934216,0
